%YAML:1.0
---
model_type: PINHOLE
camera_name: camera
image_width: 640
image_height: 480
distortion_parameters:
   k1: 0.0
   k2: 0.0
   p1: 0.0
   p2: 0.0
projection_parameters:
   fx: 385.03117212969164
   fy: 385.4640923807977
   cx: 323.2362214946389
   cy: 239.51381711272816