%YAML:1.0
---
model_type: PINHOLE
camera_name: camera
image_width: 640
image_height: 480
distortion_parameters:
   k1: 0.0
   k2: 0.0
   p1: 0.0
   p2: 0.0
projection_parameters:
   fx: 385.0853780903816
   fy: 385.26301758461926
   cx: 325.0985230148194
   cy: 239.0241708230222
