1.000000000 0.000000000 0.000000000 0.000000000 0.000000000 1.000000000 0.000000000 0.000000000 0.000000000 0.000000000 1.000000000 0.000000000
1.000000000 -0.000002083 -0.000013067 0.000015449 0.000002083 1.000000000 -0.000017597 0.000010257 0.000013067 0.000017597 1.000000000 0.000012386
1.000000000 -0.000033054 -0.000007600 0.000014742 0.000033054 1.000000000 -0.000029489 0.000011582 0.000007601 0.000029489 1.000000000 0.000010909
1.000000000 -0.000044614 0.000004268 -0.000000376 0.000044614 1.000000000 -0.000025063 0.000009143 -0.000004267 0.000025063 1.000000000 -0.000002716
1.000000000 -0.000005906 0.000007168 0.000002246 0.000005906 1.000000000 -0.000003404 -0.000003041 -0.000007168 0.000003404 1.000000000 -0.000007842
1.000000000 0.000011570 0.000000964 0.000026292 -0.000011570 1.000000000 -0.000012503 0.000010822 -0.000000964 0.000012503 1.000000000 0.000020966
1.000000000 -0.000043336 -0.000004122 0.000010706 0.000043336 1.000000000 -0.000027710 0.000010024 0.000004123 0.000027710 1.000000000 0.000007465
1.000000000 -0.000005344 0.000006704 0.000002589 0.000005344 1.000000000 -0.000003911 -0.000002773 -0.000006704 0.000003911 1.000000000 -0.000007464
1.000000000 -0.000032479 -0.000001964 0.000006976 0.000032479 1.000000000 -0.000017633 0.000007595 0.000001964 0.000017633 1.000000000 0.000004308
1.000000000 -0.000003003 0.000012757 0.000001238 0.000003003 1.000000000 0.000006809 -0.000003667 -0.000012757 -0.000006809 1.000000000 -0.000009766
1.000000000 -0.000028808 -0.000008675 0.000013759 0.000028807 1.000000000 -0.000026800 0.000008155 0.000008676 0.000026800 1.000000000 0.000012207
1.000000000 0.000002620 0.000002082 0.000008532 -0.000002620 1.000000000 -0.000017630 0.000002326 -0.000002082 0.000017630 1.000000000 -0.000002187
1.000000000 -0.000031969 -0.000007448 0.000010826 0.000031969 1.000000000 -0.000026237 0.000010856 0.000007449 0.000026237 1.000000000 0.000006824
1.000000000 -0.000017446 0.000013909 -0.000005209 0.000017446 1.000000000 -0.000010456 -0.000001604 -0.000013909 0.000010456 1.000000000 -0.000014955
1.000000000 0.000003984 0.000007504 0.000007281 -0.000003984 1.000000000 -0.000006742 0.000001302 -0.000007504 0.000006742 1.000000000 -0.000004407
1.000000000 -0.000042628 -0.000008443 0.000017465 0.000042627 1.000000000 -0.000033773 0.000008840 0.000008444 0.000033773 1.000000000 0.000015253
1.000000000 -0.000039862 -0.000007679 0.000012351 0.000039862 1.000000000 -0.000026178 0.000007008 0.000007680 0.000026178 1.000000000 0.000009255
1.000000000 -0.000035126 -0.000009512 0.000016915 0.000035126 1.000000000 -0.000034562 0.000013344 0.000009513 0.000034561 1.000000000 0.000013299
1.000000000 0.000012140 0.000007879 0.000005843 -0.000012140 1.000000000 -0.000002104 0.000000580 -0.000007879 0.000002104 1.000000000 -0.000005056
1.000000000 -0.000023644 -0.000007623 0.000009673 0.000023643 1.000000000 -0.000022183 0.000010376 0.000007623 0.000022182 1.000000000 0.000006431
1.000000000 0.000003425 0.000002386 0.000004445 -0.000003425 1.000000000 -0.000014378 0.000001452 -0.000002386 0.000014378 1.000000000 -0.000006451
1.000000000 0.000024950 -0.000003947 0.000010612 -0.000024950 1.000000000 -0.000003176 -0.000000388 0.000003947 0.000003177 1.000000000 0.000000181
1.000000000 -0.000041642 -0.000003296 0.000006586 0.000041642 1.000000000 -0.000024628 0.000009248 0.000003297 0.000024628 1.000000000 0.000003143
1.000000000 -0.000002925 0.000012657 0.000001332 0.000002925 1.000000000 0.000006851 -0.000003681 -0.000012657 -0.000006851 1.000000000 -0.000009704
1.000000000 -0.000034980 -0.000003826 0.000009192 0.000034980 1.000000000 -0.000022891 0.000009256 0.000003826 0.000022891 1.000000000 0.000006705
1.000000000 -0.000011599 -0.000014931 0.000020488 0.000011598 1.000000000 -0.000025682 0.000011986 0.000014931 0.000025682 1.000000000 0.000016791
1.000000000 -0.000012786 0.000007492 -0.000000598 0.000012786 1.000000000 -0.000005032 -0.000003256 -0.000007492 0.000005032 1.000000000 -0.000011790
1.000000000 -0.000035688 -0.000008830 0.000016567 0.000035688 1.000000000 -0.000029806 0.000008331 0.000008831 0.000029806 1.000000000 0.000014683
1.000000000 -0.000052829 0.000008567 -0.000000022 0.000052830 1.000000000 -0.000011930 0.000006695 -0.000008566 0.000011930 1.000000000 -0.000004020
1.000000000 -0.000029021 -0.000009951 0.000016114 0.000029021 1.000000000 -0.000031195 0.000012605 0.000009952 0.000031195 1.000000000 0.000012979
1.000000000 -0.000002185 0.000001595 0.000007790 0.000002185 1.000000000 -0.000015507 0.000001627 -0.000001595 0.000015507 1.000000000 0.000001413
1.000000000 -0.000010162 0.000006196 0.000021035 0.000010162 1.000000000 -0.000017381 0.000011091 -0.000006196 0.000017381 1.000000000 0.000015658
1.000000000 -0.000027618 -0.000009456 0.000011570 0.000027618 1.000000000 -0.000027098 0.000011547 0.000009457 0.000027098 1.000000000 0.000008228
1.000000000 -0.000059226 0.000008530 -0.000002110 0.000059226 1.000000000 -0.000014385 0.000006948 -0.000008529 0.000014386 1.000000000 -0.000007091
1.000000000 -0.000020588 -0.000000555 0.000008820 0.000020588 1.000000000 -0.000018872 0.000011200 0.000000555 0.000018872 1.000000000 0.000004088
1.000000000 -0.000023266 -0.000006617 0.000009043 0.000023266 1.000000000 -0.000029113 0.000011989 0.000006618 0.000029113 1.000000000 0.000005271
1.000000000 -0.000025482 -0.000007052 0.000007769 0.000025482 1.000000000 -0.000019258 0.000006134 0.000007053 0.000019258 1.000000000 0.000005419
1.000000000 -0.000030833 0.000018877 -0.000007452 0.000030833 1.000000000 0.000000832 -0.000003839 -0.000018877 -0.000000831 1.000000000 -0.000019721
1.000000000 -0.000042794 0.000010175 -0.000000761 0.000042794 1.000000000 -0.000014917 0.000008006 -0.000010174 0.000014918 1.000000000 -0.000004378
1.000000000 -0.000021077 -0.000001996 0.000009224 0.000021077 1.000000000 -0.000012409 0.000009517 0.000001996 0.000012409 1.000000000 0.000004739
1.000000000 -0.000024925 -0.000006500 0.000013025 0.000024925 1.000000000 -0.000031399 0.000012506 0.000006501 0.000031399 1.000000000 0.000009442
1.000000000 -0.000042481 -0.000010155 0.000016105 0.000042481 1.000000000 -0.000034983 0.000012757 0.000010156 0.000034983 1.000000000 0.000011454
1.000000000 -0.000027650 -0.000008188 0.000009809 0.000027650 1.000000000 -0.000024401 0.000007305 0.000008188 0.000024401 1.000000000 0.000007658
1.000000000 -0.000050088 0.000009638 -0.000003697 0.000050089 1.000000000 -0.000009701 0.000006191 -0.000009638 0.000009702 1.000000000 -0.000007934
1.000000000 -0.000027401 -0.000009374 0.000011724 0.000027401 1.000000000 -0.000027015 0.000011571 0.000009375 0.000027014 1.000000000 0.000008397
1.000000000 0.000005410 0.000007289 0.000003607 -0.000005410 1.000000000 0.000002949 -0.000001228 -0.000007289 -0.000002949 1.000000000 -0.000008093
1.000000000 0.000012013 0.000007104 0.000005135 -0.000012013 1.000000000 -0.000005024 0.000001584 -0.000007104 0.000005024 1.000000000 -0.000005992
1.000000000 0.000016666 -0.000004005 0.000011944 -0.000016666 1.000000000 -0.000007623 0.000000201 0.000004005 0.000007623 1.000000000 0.000000566
1.000000000 0.000026615 0.000001801 0.000009218 -0.000026615 1.000000000 0.000008031 -0.000001480 -0.000001801 -0.000008032 1.000000000 -0.000002327
1.000000000 -0.000028298 0.000005067 0.000001101 0.000028298 1.000000000 -0.000003169 0.000002961 -0.000005067 0.000003169 1.000000000 -0.000001523
1.000000000 -0.000006398 0.000006820 0.000002336 0.000006398 1.000000000 -0.000003484 -0.000003134 -0.000006820 0.000003484 1.000000000 -0.000007897
1.000000000 -0.000030456 0.000004907 0.000003962 0.000030456 1.000000000 -0.000005115 0.000003447 -0.000004907 0.000005115 1.000000000 0.000001789
1.000000000 0.000008526 0.000000100 0.000025075 -0.000008526 1.000000000 -0.000011331 0.000010574 -0.000000100 0.000011331 1.000000000 0.000019958
1.000000000 -0.000014450 0.000003673 0.000017853 0.000014450 1.000000000 -0.000018505 0.000011703 -0.000003673 0.000018505 1.000000000 0.000012508
1.000000000 -0.000012625 0.000005087 0.000015308 0.000012625 1.000000000 -0.000012927 0.000009921 -0.000005087 0.000012927 1.000000000 0.000009780
1.000000000 0.000006779 0.000000442 0.000020044 -0.000006779 1.000000000 -0.000009527 0.000010217 -0.000000442 0.000009527 1.000000000 0.000014781
1.000000000 -0.000042519 -0.000003202 0.000006327 0.000042519 1.000000000 -0.000024689 0.000008898 0.000003203 0.000024689 1.000000000 0.000002614
1.000000000 -0.000012185 0.000007640 0.000006299 0.000012186 1.000000000 -0.000009069 0.000000788 -0.000007640 0.000009069 1.000000000 -0.000001536
1.000000000 -0.000068700 0.000006609 0.000003834 0.000068700 1.000000000 -0.000022591 0.000008780 -0.000006608 0.000022591 1.000000000 -0.000001621
1.000000000 -0.000056161 0.000009408 -0.000000136 0.000056161 1.000000000 -0.000012424 0.000006485 -0.000009407 0.000012424 1.000000000 -0.000004988
1.000000000 -0.000055987 0.000002558 0.000004548 0.000055987 1.000000000 -0.000032659 0.000010507 -0.000002556 0.000032659 1.000000000 0.000001555
1.000000000 -0.000053021 0.000009180 0.000001684 0.000053021 1.000000000 -0.000018929 0.000005031 -0.000009179 0.000018930 1.000000000 -0.000000676
1.000000000 -0.000014062 0.000006420 0.000019409 0.000014062 1.000000000 -0.000022541 0.000009377 -0.000006420 0.000022541 1.000000000 0.000017683
1.000000000 -0.000022244 -0.000006993 0.000010939 0.000022244 1.000000000 -0.000027567 0.000011628 0.000006993 0.000027567 1.000000000 0.000007332
1.000000000 -0.000019260 0.000007343 0.000002373 0.000019260 1.000000000 -0.000007369 -0.000003039 -0.000007343 0.000007369 1.000000000 -0.000009396
1.000000000 -0.000029045 0.000003451 0.000001999 0.000029045 1.000000000 -0.000004843 0.000006134 -0.000003450 0.000004843 1.000000000 -0.000002022
1.000000000 -0.000031380 0.000002590 0.000004782 0.000031380 1.000000000 -0.000010268 0.000007611 -0.000002590 0.000010268 1.000000000 0.000000816
1.000000000 -0.000002390 -0.000013247 0.000015131 0.000002389 1.000000000 -0.000017547 0.000010077 0.000013247 0.000017547 1.000000000 0.000011835
1.000000000 -0.000004465 -0.000012086 0.000017198 0.000004465 1.000000000 -0.000017701 0.000007530 0.000012086 0.000017701 1.000000000 0.000015751
1.000000000 -0.000024660 -0.000006583 0.000007931 0.000024659 1.000000000 -0.000019484 0.000006250 0.000006583 0.000019484 1.000000000 0.000005607
1.000000000 -0.000051698 0.000008801 -0.000004057 0.000051699 1.000000000 -0.000009151 0.000005982 -0.000008800 0.000009152 1.000000000 -0.000008290
1.000000000 -0.000013031 -0.000004781 0.000029208 0.000013031 1.000000000 0.000025259 -0.000006477 0.000004781 -0.000025259 1.000000000 -0.000032582
1.000000000 0.000024744 0.000018486 0.000000034 -0.000024745 1.000000000 0.000027474 -0.000015188 -0.000018485 -0.000027474 1.000000000 -0.000027175
1.000000000 0.000041367 -0.000018754 0.000047488 -0.000041366 1.000000000 0.000071670 -0.000074031 0.000018757 -0.000071669 1.000000000 -0.000042646
1.000000000 -0.000003528 0.000014071 0.000004465 0.000003528 1.000000000 0.000016241 -0.000001252 -0.000014071 -0.000016241 1.000000000 -0.000012485
1.000000000 0.000045400 -0.000015326 0.000051503 -0.000045399 1.000000000 0.000082349 -0.000074926 0.000015330 -0.000082349 1.000000000 -0.000047237
1.000000000 0.000050666 -0.000014338 0.000029580 -0.000050666 1.000000000 0.000024358 -0.000005123 0.000014340 -0.000024357 1.000000000 0.000017218
1.000000000 0.000002314 -0.000014033 0.000036820 -0.000002314 1.000000000 0.000011135 -0.000005800 0.000014033 -0.000011135 1.000000000 -0.000015460
1.000000000 0.000046122 -0.000008868 0.000031253 -0.000046122 1.000000000 0.000034056 -0.000005685 0.000008869 -0.000034055 1.000000000 0.000016325
1.000000000 0.000007568 0.000010101 0.000007494 -0.000007568 1.000000000 0.000029823 -0.000006593 -0.000010101 -0.000029823 1.000000000 -0.000007703
1.000000000 0.000047852 -0.000015254 0.000022923 -0.000047851 1.000000000 0.000023350 -0.000003265 0.000015255 -0.000023349 1.000000000 0.000008558
1.000000000 0.000009027 0.000008389 0.000006111 -0.000009027 1.000000000 0.000020601 -0.000003253 -0.000008389 -0.000020601 1.000000000 -0.000008682
1.000000000 0.000010132 0.000018616 -0.000002344 -0.000010133 1.000000000 0.000030498 -0.000016763 -0.000018616 -0.000030498 1.000000000 -0.000024065
1.000000000 0.000027449 0.000005397 0.000008862 -0.000027449 1.000000000 0.000021901 -0.000002254 -0.000005396 -0.000021901 1.000000000 -0.000006492
1.000000000 0.000027532 0.000008769 0.000005029 -0.000027532 1.000000000 0.000021026 -0.000001480 -0.000008768 -0.000021026 1.000000000 -0.000004342
1.000000000 0.000005996 0.000011647 0.000005695 -0.000005997 1.000000000 0.000026858 -0.000006207 -0.000011646 -0.000026858 1.000000000 -0.000010182
1.000000000 0.000029574 0.000000358 0.000007543 -0.000029574 1.000000000 0.000015825 -0.000001367 -0.000000357 -0.000015825 1.000000000 -0.000000847
1.000000000 0.000047720 0.000010998 0.000003065 -0.000047720 1.000000000 0.000020879 -0.000007044 -0.000010997 -0.000020880 1.000000000 -0.000011067
1.000000000 0.000064456 -0.000002399 0.000018228 -0.000064455 1.000000000 0.000040505 -0.000015466 0.000002401 -0.000040504 1.000000000 -0.000003728
1.000000000 0.000032831 -0.000009267 0.000017681 -0.000032830 1.000000000 0.000022963 -0.000002276 0.000009267 -0.000022963 1.000000000 0.000008656
1.000000000 0.000011658 0.000006355 -0.000001972 -0.000011659 1.000000000 0.000023765 -0.000005041 -0.000006355 -0.000023765 1.000000000 -0.000011321
1.000000000 0.000014722 0.000012208 0.000000202 -0.000014723 1.000000000 0.000032199 -0.000005163 -0.000012207 -0.000032199 1.000000000 -0.000008751
1.000000000 0.000033359 -0.000003907 0.000011192 -0.000033359 1.000000000 0.000016590 -0.000002731 0.000003908 -0.000016589 1.000000000 -0.000002478
1.000000000 0.000003701 0.000015210 -0.000002041 -0.000003701 1.000000000 0.000029102 -0.000006639 -0.000015209 -0.000029102 1.000000000 -0.000016383
1.000000000 0.000005510 0.000000954 0.000008501 -0.000005510 1.000000000 0.000021441 -0.000004281 -0.000000954 -0.000021441 1.000000000 -0.000000126
1.000000000 0.000025055 0.000021240 0.000004223 -0.000025056 1.000000000 0.000021832 -0.000002063 -0.000021240 -0.000021833 1.000000000 -0.000005080
1.000000000 0.000050728 0.000032158 -0.000001858 -0.000050729 1.000000000 0.000032345 -0.000008513 -0.000032156 -0.000032347 1.000000000 -0.000016580
1.000000000 0.000061593 0.000003782 0.000028156 -0.000061593 1.000000000 0.000025333 0.000000683 -0.000003780 -0.000025334 1.000000000 0.000019477
1.000000000 0.000007320 0.000003277 0.000005604 -0.000007320 1.000000000 0.000012076 -0.000002759 -0.000003277 -0.000012076 1.000000000 -0.000008218
1.000000000 0.000017400 0.000010517 0.000002319 -0.000017401 1.000000000 0.000018522 -0.000002034 -0.000010517 -0.000018523 1.000000000 -0.000012293
1.000000000 0.000058440 0.000014020 0.000006132 -0.000058441 1.000000000 0.000039887 -0.000013992 -0.000014018 -0.000039888 1.000000000 -0.000016389
1.000000000 0.000024005 0.000020472 -0.000008555 -0.000024005 1.000000000 0.000022719 -0.000009733 -0.000020471 -0.000022719 1.000000000 -0.000022094
1.000000000 0.000029424 -0.000002122 0.000011472 -0.000029424 1.000000000 0.000016864 -0.000002851 0.000002123 -0.000016864 1.000000000 -0.000002201
1.000000000 0.000031060 -0.000001611 0.000017057 -0.000031059 1.000000000 0.000032704 -0.000004970 0.000001612 -0.000032704 1.000000000 0.000001730
1.000000000 0.000065500 0.000003979 0.000020593 -0.000065500 1.000000000 0.000036537 -0.000001788 -0.000003977 -0.000036537 1.000000000 0.000011780
1.000000000 0.000051954 0.000010605 0.000017455 -0.000051955 1.000000000 0.000026338 -0.000000673 -0.000010604 -0.000026338 1.000000000 0.000008382
1.000000000 0.000017615 -0.000001169 0.000011079 -0.000017615 1.000000000 0.000015776 -0.000003149 0.000001169 -0.000015776 1.000000000 -0.000002972
1.000000000 0.000043735 0.000011721 0.000000845 -0.000043735 1.000000000 0.000024378 -0.000007986 -0.000011720 -0.000024378 1.000000000 -0.000012805
1.000000000 0.000053952 0.000008812 0.000005024 -0.000053953 1.000000000 0.000027992 -0.000012519 -0.000008811 -0.000027992 1.000000000 -0.000015927
1.000000000 0.000024364 -0.000002286 0.000012026 -0.000024364 1.000000000 0.000007640 -0.000000067 0.000002286 -0.000007640 1.000000000 -0.000001318
1.000000000 0.000025178 0.000003382 0.000004873 -0.000025178 1.000000000 0.000011494 -0.000000936 -0.000003381 -0.000011494 1.000000000 -0.000003793
1.000000000 0.000013808 0.000012758 -0.000000360 -0.000013808 1.000000000 0.000031959 -0.000005196 -0.000012757 -0.000031959 1.000000000 -0.000009306
1.000000000 0.000017420 -0.000001178 0.000010860 -0.000017420 1.000000000 0.000015761 -0.000003196 0.000001178 -0.000015761 1.000000000 -0.000003199
1.000000000 0.000010439 0.000005083 0.000010868 -0.000010439 1.000000000 0.000019907 -0.000002922 -0.000005082 -0.000019907 1.000000000 -0.000005204
1.000000000 0.000013157 0.000008192 0.000007325 -0.000013157 1.000000000 0.000020711 -0.000002198 -0.000008192 -0.000020711 1.000000000 -0.000002161
1.000000000 0.000041989 -0.000013547 0.000025517 -0.000041989 1.000000000 0.000021576 -0.000003477 0.000013548 -0.000021575 1.000000000 0.000010484
1.000000000 0.000014476 -0.000002524 0.000015862 -0.000014476 1.000000000 0.000009662 -0.000001876 0.000002524 -0.000009662 1.000000000 0.000000855
1.000000000 0.000001519 0.000011721 0.000003043 -0.000001520 1.000000000 0.000017962 -0.000002484 -0.000011721 -0.000017962 1.000000000 -0.000006946
1.000000000 0.000008271 0.000005313 0.000006231 -0.000008271 1.000000000 0.000006070 -0.000001291 -0.000005313 -0.000006070 1.000000000 -0.000008048
1.000000000 0.000002252 0.000016278 -0.000002811 -0.000002253 1.000000000 0.000028255 -0.000006638 -0.000016278 -0.000028255 1.000000000 -0.000017549
1.000000000 0.000022492 0.000004273 0.000012725 -0.000022492 1.000000000 0.000020497 -0.000002625 -0.000004273 -0.000020497 1.000000000 -0.000003644
1.000000000 -0.000008105 0.000013517 -0.000003986 0.000008105 1.000000000 0.000012314 -0.000004275 -0.000013517 -0.000012314 1.000000000 -0.000013398
1.000000000 -0.000001570 0.000011832 -0.000004367 0.000001569 1.000000000 0.000016441 -0.000004633 -0.000011832 -0.000016441 1.000000000 -0.000013719
1.000000000 0.000030421 0.000000477 0.000007750 -0.000030421 1.000000000 0.000015561 -0.000001209 -0.000000477 -0.000015561 1.000000000 -0.000000616
1.000000000 0.000000644 0.000011593 -0.000004524 -0.000000644 1.000000000 0.000018285 -0.000004784 -0.000011593 -0.000018285 1.000000000 -0.000013251
1.000000000 0.000022174 -0.000001804 0.000012814 -0.000022174 1.000000000 0.000011928 -0.000002023 0.000001804 -0.000011928 1.000000000 -0.000001630
1.000000000 0.000058956 0.000004420 0.000029359 -0.000058956 1.000000000 0.000029759 -0.000000438 -0.000004418 -0.000029759 1.000000000 0.000020577
1.000000000 0.000060830 0.000002200 0.000015460 -0.000060830 1.000000000 0.000032341 -0.000013418 -0.000002198 -0.000032341 1.000000000 -0.000006396
1.000000000 0.000041258 0.000017293 0.000002346 -0.000041259 1.000000000 0.000034990 -0.000008894 -0.000017291 -0.000034991 1.000000000 -0.000011600
1.000000000 -0.000001897 0.000012705 -0.000005596 0.000001897 1.000000000 0.000014547 -0.000004065 -0.000012705 -0.000014546 1.000000000 -0.000014645
1.000000000 0.000043109 -0.000013336 0.000026839 -0.000043108 1.000000000 0.000024486 -0.000004225 0.000013337 -0.000024486 1.000000000 0.000011961
1.000000000 0.000023794 0.000020405 0.000008940 -0.000023795 1.000000000 0.000018752 -0.000001200 -0.000020405 -0.000018753 1.000000000 -0.000000285
1.000000000 0.000002288 0.000001935 0.000015556 -0.000002288 1.000000000 0.000005829 0.000000420 -0.000001935 -0.000005829 1.000000000 0.000003225
1.000000000 0.000007857 0.000028359 -0.000010456 -0.000007858 1.000000000 0.000014103 -0.000008146 -0.000028359 -0.000014104 1.000000000 -0.000022856
1.000000000 0.000035376 0.000010202 0.000025021 -0.000035377 1.000000000 0.000017792 0.000001103 -0.000010201 -0.000017792 1.000000000 0.000010771
1.000000000 0.000037373 0.000011666 0.000009555 -0.000037373 1.000000000 0.000026692 -0.000012094 -0.000011665 -0.000026692 1.000000000 -0.000009682
1.000000000 0.000065139 0.000025739 0.000015436 -0.000065140 1.000000000 0.000031169 -0.000004992 -0.000025737 -0.000031171 1.000000000 0.000004032
1.000000000 0.000047285 0.000006772 0.000013761 -0.000047285 1.000000000 0.000026068 -0.000010499 -0.000006771 -0.000026068 1.000000000 -0.000005610
1.000000000 0.000048669 -0.000016283 0.000033888 -0.000048669 1.000000000 0.000017231 0.000000471 0.000016284 -0.000017230 1.000000000 0.000021839
1.000000000 0.000050150 -0.000016335 0.000030228 -0.000050149 1.000000000 0.000019492 0.000000003 0.000016336 -0.000019491 1.000000000 0.000017993
1.000000000 0.000033376 -0.000005727 0.000019810 -0.000033376 1.000000000 0.000007894 0.000001780 0.000005728 -0.000007894 1.000000000 0.000008843
1.000000000 0.000014457 0.000005278 0.000008715 -0.000014457 1.000000000 0.000018032 -0.000001954 -0.000005278 -0.000018032 1.000000000 0.000002041
1.000000000 0.000064851 0.000025756 0.000015572 -0.000064851 1.000000000 0.000031251 -0.000005045 -0.000025754 -0.000031252 1.000000000 0.000004061
1.000000000 0.000027343 0.000019090 -0.000000368 -0.000027344 1.000000000 0.000025999 -0.000012569 -0.000019089 -0.000026000 1.000000000 -0.000019006
1.000000000 0.000069116 0.000000378 0.000035684 -0.000069116 1.000000000 0.000033566 -0.000001596 -0.000000376 -0.000033566 1.000000000 0.000020985
1.000000000 0.000058728 0.000008572 0.000010474 -0.000058728 1.000000000 0.000022162 -0.000004949 -0.000008571 -0.000022163 1.000000000 -0.000000614
1.000000000 0.000041497 0.000010570 0.000025906 -0.000041498 1.000000000 0.000020925 0.000000183 -0.000010569 -0.000020926 1.000000000 0.000011249
1.000000000 0.000060855 0.000002903 0.000018477 -0.000060855 1.000000000 0.000017750 -0.000003192 -0.000002902 -0.000017751 1.000000000 0.000007243
1.000000000 0.000042793 0.000016139 0.000008300 -0.000042794 1.000000000 0.000029842 -0.000006259 -0.000016138 -0.000029843 1.000000000 -0.000004018
1.000000000 0.000019885 0.000009877 0.000029456 -0.000019885 1.000000000 0.000014072 0.000001086 -0.000009876 -0.000014072 1.000000000 0.000014093
1.000000000 0.000013838 0.000023833 0.000009988 -0.000013839 1.000000000 0.000021758 -0.000002287 -0.000023833 -0.000021759 1.000000000 -0.000003307
1.000000000 0.000017253 -0.000002239 0.000016796 -0.000017253 1.000000000 0.000008862 0.000001047 0.000002239 -0.000008862 1.000000000 0.000009793
1.000000000 -0.000007116 0.000014997 0.000004278 0.000007116 1.000000000 0.000025140 -0.000004265 -0.000014997 -0.000025140 1.000000000 -0.000008360
1.000000000 0.000060495 0.000017413 0.000006541 -0.000060496 1.000000000 0.000030611 -0.000005307 -0.000017411 -0.000030612 1.000000000 -0.000004977
1.000000000 0.000024143 0.000004878 0.000017872 -0.000024143 1.000000000 0.000015086 0.000001152 -0.000004878 -0.000015086 1.000000000 0.000004591
1.000000000 0.000030375 0.000005058 0.000016073 -0.000030376 1.000000000 0.000017478 0.000000838 -0.000005058 -0.000017478 1.000000000 0.000003202
1.000000000 0.000054197 -0.000010446 0.000029904 -0.000054197 1.000000000 0.000028578 -0.000000701 0.000010448 -0.000028577 1.000000000 0.000016771
1.000000000 0.000073465 0.000012286 0.000009415 -0.000073466 1.000000000 0.000038428 -0.000006182 -0.000012283 -0.000038429 1.000000000 -0.000002680
1.000000000 0.000051523 -0.000010455 0.000022920 -0.000051523 1.000000000 0.000022638 0.000000474 0.000010456 -0.000022638 1.000000000 0.000015929
1.000000000 0.000043060 0.000005053 0.000031323 -0.000043060 1.000000000 0.000021614 0.000000379 -0.000005052 -0.000021615 1.000000000 0.000016369
1.000000000 0.000028380 0.000038097 -0.000000328 -0.000028381 1.000000000 0.000032079 -0.000008991 -0.000038096 -0.000032080 1.000000000 -0.000013091
1.000000000 0.000019595 0.000001071 0.000009740 -0.000019595 1.000000000 0.000012519 -0.000000030 -0.000001071 -0.000012519 1.000000000 0.000002258
1.000000000 0.000075284 -0.000000424 0.000022758 -0.000075284 1.000000000 0.000045069 -0.000012437 0.000000428 -0.000045069 1.000000000 0.000001554
1.000000000 0.000061731 0.000010283 0.000015150 -0.000061732 1.000000000 0.000038210 -0.000006373 -0.000010280 -0.000038211 1.000000000 0.000003405
1.000000000 0.000031136 0.000004008 0.000017175 -0.000031136 1.000000000 0.000022112 -0.000000381 -0.000004007 -0.000022113 1.000000000 0.000004533
1.000000000 0.000054711 0.000005062 0.000015966 -0.000054711 1.000000000 0.000020241 -0.000008421 -0.000005061 -0.000020242 1.000000000 -0.000003293
1.000000000 -0.000002360 0.000009620 0.000003937 0.000002360 1.000000000 0.000008404 -0.000001272 -0.000009620 -0.000008404 1.000000000 -0.000003025
1.000000000 0.000046820 -0.000014541 0.000030786 -0.000046820 1.000000000 0.000022837 -0.000001532 0.000014542 -0.000022836 1.000000000 0.000017777
1.000000000 0.000036017 0.000016220 0.000004495 -0.000036017 1.000000000 0.000042918 -0.000015065 -0.000016218 -0.000042919 1.000000000 -0.000015927
1.000000000 -0.000020412 0.000017785 0.000005183 0.000020411 1.000000000 0.000016827 -0.000002892 -0.000017786 -0.000016827 1.000000000 -0.000002934
1.000000000 0.000038557 -0.000014484 0.000032073 -0.000038556 1.000000000 0.000018712 -0.000001009 0.000014484 -0.000018712 1.000000000 0.000018347
1.000000000 0.000046421 0.000010062 0.000028622 -0.000046421 1.000000000 0.000018873 0.000000926 -0.000010061 -0.000018873 1.000000000 0.000014720
1.000000000 0.000044291 0.000011574 0.000025603 -0.000044291 1.000000000 0.000034208 -0.000004301 -0.000011573 -0.000034209 1.000000000 0.000011949
1.000000000 0.000031119 -0.000006204 0.000017855 -0.000031119 1.000000000 0.000019279 -0.000000120 0.000006204 -0.000019279 1.000000000 0.000010737
1.000000000 -0.000010629 0.000009540 0.000000820 0.000010628 1.000000000 0.000015414 -0.000004086 -0.000009540 -0.000015414 1.000000000 -0.000011511
1.000000000 0.000020455 -0.000000366 0.000010859 -0.000020455 1.000000000 0.000013561 0.000000040 0.000000367 -0.000013561 1.000000000 0.000003661
1.000000000 0.000038482 0.000006836 0.000014987 -0.000038482 1.000000000 0.000021827 -0.000010027 -0.000006835 -0.000021827 1.000000000 -0.000005151
1.000000000 0.000050507 0.000016083 0.000007223 -0.000050507 1.000000000 0.000033527 -0.000006426 -0.000016081 -0.000033528 1.000000000 -0.000004588
1.000000000 0.000026822 0.000004832 0.000013307 -0.000026822 1.000000000 0.000021901 -0.000000013 -0.000004831 -0.000021901 1.000000000 0.000006075
1.000000000 0.000057608 0.000011409 0.000007104 -0.000057608 1.000000000 0.000020802 -0.000004682 -0.000011407 -0.000020802 1.000000000 -0.000004039
1.000000000 -0.000000573 0.000010205 0.000004015 0.000000573 1.000000000 0.000012061 -0.000002277 -0.000010205 -0.000012061 1.000000000 -0.000007187
1.000000000 0.000011609 0.000006880 0.000007631 -0.000011609 1.000000000 0.000016249 -0.000001941 -0.000006879 -0.000016249 1.000000000 0.000000705
1.000000000 0.000037521 0.000013105 0.000006517 -0.000037521 1.000000000 0.000031591 -0.000013823 -0.000013104 -0.000031592 1.000000000 -0.000012861
1.000000000 0.000031700 -0.000008347 0.000021387 -0.000031700 1.000000000 0.000020670 -0.000001785 0.000008347 -0.000020669 1.000000000 0.000008836
1.000000000 0.000070955 0.000012963 0.000031503 -0.000070955 1.000000000 0.000034016 -0.000009569 -0.000012961 -0.000034017 1.000000000 0.000009848
1.000000000 0.000022952 -0.000002239 0.000016280 -0.000022952 1.000000000 0.000012191 -0.000000108 0.000002239 -0.000012191 1.000000000 0.000003886
1.000000000 0.000027519 -0.000010470 0.000023715 -0.000027519 1.000000000 0.000015510 -0.000000342 0.000010470 -0.000015510 1.000000000 0.000011294
1.000000000 0.000013073 0.000010603 0.000005047 -0.000013074 1.000000000 0.000031405 -0.000004780 -0.000010603 -0.000031405 1.000000000 -0.000007658
1.000000000 0.000013910 0.000006045 0.000004120 -0.000013910 1.000000000 0.000021013 -0.000002901 -0.000006045 -0.000021013 1.000000000 -0.000003046
1.000000000 0.000062645 0.000005360 0.000015720 -0.000062645 1.000000000 0.000022585 -0.000004415 -0.000005359 -0.000022585 1.000000000 0.000004316
1.000000000 0.000012964 0.000012712 0.000005982 -0.000012965 1.000000000 0.000027476 -0.000002969 -0.000012712 -0.000027476 1.000000000 -0.000001403
1.000000000 0.000057545 0.000008987 0.000021324 -0.000057546 1.000000000 0.000027288 0.000001121 -0.000008985 -0.000027288 1.000000000 0.000014415
1.000000000 0.000077108 0.000018379 0.000022312 -0.000077108 1.000000000 0.000032808 -0.000004279 -0.000018376 -0.000032810 1.000000000 0.000010988
1.000000000 0.000055326 0.000002010 0.000017985 -0.000055326 1.000000000 0.000023053 -0.000004519 -0.000002009 -0.000023053 1.000000000 0.000006826
1.000000000 0.000043229 0.000014923 0.000017827 -0.000043229 1.000000000 0.000020477 0.000001131 -0.000014922 -0.000020478 1.000000000 0.000010840
1.000000000 0.000060784 0.000032017 0.000005307 -0.000060786 1.000000000 0.000040626 -0.000008324 -0.000032014 -0.000040628 1.000000000 -0.000006501
1.000000000 0.000033906 -0.000007984 0.000022364 -0.000033906 1.000000000 0.000011090 0.000002105 0.000007984 -0.000011090 1.000000000 0.000015577
1.000000000 0.000034978 -0.000010230 0.000026528 -0.000034978 1.000000000 0.000011574 0.000001240 0.000010231 -0.000011574 1.000000000 0.000014074
1.000000000 0.000036833 -0.000006746 0.000019939 -0.000036833 1.000000000 0.000016108 0.000000920 0.000006746 -0.000016108 1.000000000 0.000012962
1.000000000 0.000002394 0.000004392 0.000011618 -0.000002394 1.000000000 0.000008206 -0.000000389 -0.000004392 -0.000008206 1.000000000 0.000004696
1.000000000 0.000010476 0.000004330 0.000011161 -0.000010476 1.000000000 0.000017359 -0.000003324 -0.000004330 -0.000017359 1.000000000 -0.000000801
1.000000000 0.000030230 -0.000008474 0.000025726 -0.000030230 1.000000000 0.000017318 -0.000001008 0.000008475 -0.000017318 1.000000000 0.000013376
1.000000000 0.000048526 0.000006896 0.000015907 -0.000048526 1.000000000 0.000024189 -0.000010012 -0.000006894 -0.000024189 1.000000000 -0.000003616
1.000000000 -0.000014055 0.000011147 0.000005804 0.000014055 1.000000000 0.000006064 -0.000001694 -0.000011147 -0.000006064 1.000000000 -0.000001959
1.000000000 0.000030047 0.000011412 0.000010864 -0.000030048 1.000000000 0.000020630 -0.000010217 -0.000011411 -0.000020630 1.000000000 -0.000008917
1.000000000 -0.000034036 0.000016148 0.000000482 0.000034036 1.000000000 0.000003632 -0.000002559 -0.000016148 -0.000003632 1.000000000 -0.000007367
1.000000000 0.000012607 -0.000002470 0.000021683 -0.000012607 1.000000000 0.000004924 0.000001166 0.000002470 -0.000004923 1.000000000 0.000008771
1.000000000 0.000059659 0.000006194 0.000014126 -0.000059659 1.000000000 0.000027267 -0.000010204 -0.000006192 -0.000027268 1.000000000 -0.000004908
1.000000000 0.000000622 0.000011501 0.000001679 -0.000000622 1.000000000 0.000013525 -0.000002474 -0.000011501 -0.000013525 1.000000000 -0.000005454
1.000000000 0.000022803 0.000018163 0.000002512 -0.000022804 1.000000000 0.000025206 -0.000012950 -0.000018162 -0.000025206 1.000000000 -0.000016963
1.000000000 0.000095328 0.000009014 0.000035376 -0.000095329 1.000000000 0.000045071 -0.000011260 -0.000009010 -0.000045072 1.000000000 0.000013517
1.000000000 0.000028597 -0.000007802 0.000019885 -0.000028597 1.000000000 0.000014415 0.000001002 0.000007803 -0.000014415 1.000000000 0.000012943
1.000000000 0.000017664 0.000018328 0.000000884 -0.000017665 1.000000000 0.000028852 -0.000014065 -0.000018328 -0.000028852 1.000000000 -0.000018213
1.000000000 0.000015001 0.000005918 0.000008660 -0.000015001 1.000000000 0.000018321 -0.000001992 -0.000005917 -0.000018321 1.000000000 0.000002009
1.000000000 0.000010959 0.000008599 0.000008619 -0.000010959 1.000000000 0.000021196 -0.000001596 -0.000008599 -0.000021196 1.000000000 0.000001517
1.000000000 0.000032366 0.000022250 0.000004638 -0.000032367 1.000000000 0.000025777 -0.000006396 -0.000022249 -0.000025778 1.000000000 -0.000007796
1.000000000 0.000002367 0.000001817 0.000015739 -0.000002367 1.000000000 0.000005762 0.000000488 -0.000001817 -0.000005762 1.000000000 0.000003439
1.000000000 0.000013741 0.000027710 -0.000002374 -0.000013742 1.000000000 0.000032485 -0.000009708 -0.000027709 -0.000032486 1.000000000 -0.000015059
1.000000000 0.000010631 0.000017901 0.000002857 -0.000010631 1.000000000 0.000024559 -0.000013411 -0.000017901 -0.000024559 1.000000000 -0.000017041
1.000000000 0.000002616 0.000001318 0.000013682 -0.000002616 1.000000000 0.000001733 0.000001186 -0.000001318 -0.000001733 1.000000000 0.000001487
1.000000000 0.000018924 0.000012470 0.000005097 -0.000018924 1.000000000 0.000015594 0.000000346 -0.000012470 -0.000015594 1.000000000 -0.000002219
1.000000000 0.000033973 0.000010680 0.000009312 -0.000033973 1.000000000 0.000027838 -0.000008059 -0.000010679 -0.000027838 1.000000000 -0.000002392
1.000000000 0.000047521 0.000011501 0.000027328 -0.000047521 1.000000000 0.000020242 0.000000690 -0.000011500 -0.000020243 1.000000000 0.000013435
1.000000000 0.000011308 0.000022827 0.000015462 -0.000011308 1.000000000 0.000018264 -0.000001851 -0.000022827 -0.000018264 1.000000000 0.000001183
1.000000000 0.000002972 0.000011060 0.000002236 -0.000002972 1.000000000 0.000015220 -0.000002526 -0.000011060 -0.000015220 1.000000000 -0.000004589
1.000000000 0.000015479 0.000001331 0.000007395 -0.000015479 1.000000000 0.000011444 -0.000000465 -0.000001331 -0.000011444 1.000000000 -0.000004081
1.000000000 0.000076115 -0.000007434 0.000029699 -0.000076115 1.000000000 0.000031657 -0.000009937 0.000007437 -0.000031656 1.000000000 0.000010285
1.000000000 0.000031294 0.000016954 0.000002866 -0.000031294 1.000000000 0.000023346 -0.000007884 -0.000016953 -0.000023347 1.000000000 -0.000009254
1.000000000 0.000069827 0.000007941 0.000018516 -0.000069827 1.000000000 0.000039776 -0.000011168 -0.000007938 -0.000039777 1.000000000 -0.000002073
1.000000000 0.000057222 0.000005861 0.000026641 -0.000057222 1.000000000 0.000028438 -0.000000605 -0.000005860 -0.000028438 1.000000000 0.000012525
1.000000000 0.000034453 -0.000008554 0.000027566 -0.000034453 1.000000000 0.000013877 0.000000255 0.000008554 -0.000013877 1.000000000 0.000015224
1.000000000 0.000013194 0.000003671 0.000011820 -0.000013194 1.000000000 0.000018582 -0.000003277 -0.000003671 -0.000018582 1.000000000 0.000000246
1.000000000 0.000046671 -0.000006344 0.000019364 -0.000046670 1.000000000 0.000016294 0.000001395 0.000006344 -0.000016293 1.000000000 0.000013291
1.000000000 0.000035054 -0.000006186 0.000023464 -0.000035054 1.000000000 0.000012411 0.000001829 0.000006187 -0.000012411 1.000000000 0.000016982
1.000000000 0.000064545 0.000005471 0.000018287 -0.000064545 1.000000000 0.000044336 -0.000012644 -0.000005469 -0.000044336 1.000000000 -0.000001861
1.000000000 -0.000008945 0.000009054 0.000005732 0.000008944 1.000000000 0.000013874 -0.000003249 -0.000009054 -0.000013874 1.000000000 -0.000005942
1.000000000 0.000072270 0.000001857 0.000030904 -0.000072270 1.000000000 0.000027802 0.000002316 -0.000001855 -0.000027802 1.000000000 0.000024586
1.000000000 0.000031156 0.000019662 0.000014530 -0.000031156 1.000000000 0.000015979 0.000001161 -0.000019661 -0.000015980 1.000000000 0.000007831
1.000000000 -0.000000980 0.000002212 0.000025413 0.000000980 1.000000000 -0.000009846 0.000007563 -0.000002212 0.000009846 1.000000000 0.000023678
1.000000000 -0.000011169 0.000026525 0.000004665 0.000011169 1.000000000 -0.000000515 -0.000002589 -0.000026525 0.000000516 1.000000000 -0.000007952
1.000000000 -0.000039099 0.000018962 0.000006258 0.000039099 1.000000000 -0.000012065 0.000004202 -0.000018962 0.000012066 1.000000000 0.000003942
1.000000000 0.000025608 -0.000009326 0.000031415 -0.000025608 1.000000000 -0.000003759 0.000010199 0.000009326 0.000003759 1.000000000 0.000023154
1.000000000 0.000033519 0.000013172 0.000015851 -0.000033518 1.000000000 -0.000001980 0.000000777 -0.000013172 0.000001980 1.000000000 0.000004064
1.000000000 0.000043422 0.000004681 0.000026073 -0.000043422 1.000000000 0.000005683 0.000001844 -0.000004680 -0.000005683 1.000000000 0.000018937
0.999988258 -0.004770799 0.000825245 -0.001073991 0.004773568 0.999982893 -0.003386598 -0.008037376 -0.000809074 0.003390497 0.999993920 -0.000081034
0.999915302 -0.013016271 0.000027134 0.001485960 0.013013298 0.999637663 -0.023562897 -0.032771856 0.000279577 0.023561254 0.999722362 -0.000723607
0.999931216 -0.011685384 -0.001022798 0.006079644 0.011663604 0.999747694 -0.019197199 -0.068759486 0.001246866 0.019183949 0.999815166 -0.007441799
0.999974728 -0.006875292 0.001806092 0.005988797 0.006897678 0.999895632 -0.012695716 -0.089572959 -0.001718616 0.012707853 0.999917746 -0.010669535
0.999993265 -0.003601558 -0.000704894 0.014425229 0.003599416 0.999988973 -0.003017570 -0.123966075 0.000715755 0.003015013 0.999995172 -0.022033416
0.999997377 -0.001712646 -0.001532144 0.020452540 0.001708816 0.999995410 -0.002497395 -0.146733880 0.001536414 0.002494770 0.999995708 -0.029282553
0.999997318 -0.001852202 0.001405135 0.018121025 0.001853846 0.999997616 -0.001169936 -0.158795208 -0.001402965 0.001172537 0.999998331 -0.028964769
0.999997497 -0.002158139 0.000620775 0.025339844 0.002159088 0.999996483 -0.001531513 -0.191616729 -0.000617468 0.001532850 0.999998629 -0.038413748
0.999998868 -0.001414694 0.000458820 0.031101001 0.001415682 0.999996662 -0.002162162 -0.221154466 -0.000455760 0.002162809 0.999997556 -0.046967145
0.999990761 -0.003027232 0.003048419 0.032585252 0.003028987 0.999995232 -0.000571135 -0.257116675 -0.003046676 0.000580363 0.999995172 -0.052420445
0.999995649 -0.002541873 0.001493195 0.040100932 0.002547109 0.999990582 -0.003515111 -0.287452847 -0.001484246 0.003518899 0.999992728 -0.061516929
0.999999583 -0.000807692 0.000030517 0.047635760 0.000807812 0.999990940 -0.004187565 -0.316928387 -0.000027135 0.004187589 0.999991238 -0.069982216
1.000000000 -0.000515507 -0.000027429 0.052474495 0.000515407 0.999993622 -0.003516000 -0.349111140 0.000029241 0.003515985 0.999993801 -0.077348389
0.999999821 -0.000017017 0.000584283 0.057209007 0.000019499 0.999991000 -0.004247427 -0.385643870 -0.000584205 0.004247437 0.999990821 -0.083930194
0.999999762 0.000444126 0.000468795 0.062029704 -0.000441978 0.999989450 -0.004573470 -0.417139769 -0.000470821 0.004573261 0.999989450 -0.090164244
0.999999762 0.000454952 0.000317082 0.066168308 -0.000453785 0.999993145 -0.003670705 -0.450533688 -0.000318750 0.003670560 0.999993265 -0.096472919
0.999996841 0.001665551 0.001890986 0.068120345 -0.001658079 0.999990880 -0.003946075 -0.486951947 -0.001897541 0.003942927 0.999990463 -0.101744704
0.999998808 0.001115545 -0.001089921 0.076324083 -0.001122854 0.999976754 -0.006728678 -0.516634166 0.001082390 0.006729893 0.999976814 -0.108543351
0.999999821 0.000483598 -0.000367055 0.078791425 -0.000485727 0.999982953 -0.005822386 -0.555157065 0.000364233 0.005822562 0.999983013 -0.114477716
0.999998510 0.000664082 0.001552819 0.079111733 -0.000651174 0.999965370 -0.008298574 -0.588919342 -0.001558276 0.008297550 0.999964416 -0.119324706
0.999998450 0.000902530 0.001509516 0.082867280 -0.000888789 0.999958396 -0.009078529 -0.624335885 -0.001517647 0.009077174 0.999957681 -0.123948939
0.999996960 0.001055641 0.002241514 0.084151894 -0.001038666 0.999970973 -0.007561042 -0.664119184 -0.002249430 0.007558691 0.999968886 -0.129646823
0.999998808 0.001123627 -0.001009301 0.091742091 -0.001129760 0.999980748 -0.006096953 -0.700429559 0.001002431 0.006098086 0.999980867 -0.137261182
0.999998152 0.001239101 0.001439516 0.090074949 -0.001227727 0.999968231 -0.007875843 -0.732798338 -0.001449229 0.007874060 0.999967933 -0.139228359
0.999999285 0.001168865 0.000099223 0.094133861 -0.001168308 0.999984622 -0.005435091 -0.775949478 -0.000105575 0.005434971 0.999985278 -0.144833401
